tpd_fall_1 = 2.102141e-10
tpd_fall_2 = 2.104167e-10
tpd_fall_3 = 2.098982e-10
tpd_fall_4 = 2.105848e-10
tpd_fall_5 = 2.100529e-10
tpd_fall_6 = 2.102611e-10
tpd_fall_7 = 2.097546e-10
tpd_fall_8 = 2.106787e-10
tpd_fall_9 = 2.101474e-10
tpd_fall_10 = 2.103462e-10
tpd_fall_11 = 2.098328e-10
tpd_fall_12 = 2.105127e-10
tpd_fall_13 = 2.099864e-10
tpd_fall_14 = 2.101955e-10
tpd_fall_15 = 2.096912e-10
